ss
48*35
5.8779*8.0902|0|0
-220,-30
Border: Solid
1,3,25|0,6,25|0,24,25|1,25,25|0,29,25|1,46,25|



0

0|0|0|0|0|0|0|0|0|0,6|0,6|0|0|0|0|0|0|0|0|0|0|0|0|0|0|1|1|1|1|1|1|1|1|1|1|0|0|0|0|0|0|0|0|0|0,6|0,6|0|0|0|0|0|0|0|0|0|0|0|0|0|0|1|1|1|1|1|1|1|1|1|1|0,6|0,6|0,6|0,6|0,6|0,6|0,6|0,6|0,6|0,6|0,6|0,6|0,6|0,6|0,6|0,6|0,6|0,6|0,6|0,6|0,6|0,6|0,6|0,6|0,6|1|1|1|1|1|1|1|1|1|1|0,6|0,6|0,6|0,6|0,6|0,6|0,6|0,6|0,6|0,6|0,6|0,6|0,6|0,6|0,6|0,6|0,6|0,6|0,6|0,6|0,6|0,6|0,6|0,6|0,6|1|1|1|1|1|1|1|1|1|1|0,6|0,6|0,6|0,6|0,6|0,6|0,6|0,6|0,6|0,6|0,6|0,6|0,6|0,6|0,6|0,6|0,6|0,6|0,6|0,6|0,6|0,6|0,6|0,6|0,6|1|1|1|1|1|1|1|1|1|1|0,6|0,6|0,6|0,6|0,6|0,6|0,6|0,6|0,6|0,6|0,6|0,6|0,6|0,6|0,6|0,6|0,6|0,6|0,6|0,6|0,6|0,6|0,6|0,6|0,6|1|1|1|1|1|1|1|1|1|1|0|0|0|0|0|0|0|0|0|0|0|0|0|0|0,6|0,6|0,6|0|0|0|0|0|0|0|0|1|1|1|1|1|1|1|1|1|1|0|0|0|0|0|0|0|0|0|0|0|0|0|0|0,6|0,6|0,6|0|0|0|0|0|0|0|0|1|1|1|1|1|1|1|1|1|1|0|0|0|0|0|0|0|0|0|0|0|0|0|0|0,6|0,6|0,6|0|0|0|0|0|0|0|0|1|1|1|1|1|1|1|1|1|1|0,6|0,6|0,6|0,6|0,6|0,6|0,6|0,6|0,6|0,6|0,6|0,6|0,6|0,6|1|1|1|1|1|1|0,6|1|1|1|1|1|1|1|1|1|1|1|1|1|1|0,6|0,6|0,6|0,6|0,6|0,6|0,6|0,6|0,6|0,6|0,6|0,6|0,6|0,6|1|1|1|1|1|1|4,3,6|1|1|1|1|1|1|1|1|1|1|1|1|1|1|0,6|0,6|0,6|0,6|0,6|0,6|0,6|0,6|0,6|0,6|0,6|0,6|0,6|0,6|1|1|1|1|1|1|1,3|1|1|1|1|1|1|1|1|1|1|1|1|1|1|0,6|0,6|0,6|0,6|0,6|0,6|0,6|0,6|0,6|0,6|0,6|0,6|0,6|0,6|1|1|1|1|1|1|1,3|1|1|1|1|1|1|1|1|1|1|1|1|1|1|0|0,6|0,6|0,6|0|0|0|0|0|0|0|0|0|0|1|1|1|1|1|1|1,3|1|1|1|1|1|1|1|1|1|1|1|1|1|1|0|0,6|0,6|0,6|0|0|0|0|0|0|0|0|0|0|1|1|1|1|1|1|1,3|1|1|1|1|1|1|1|1|1|1|1|1|1|1|0|0,6|0,6|0,6|0|0|0|0|0|0|0|0|0|0|3|0|0|0|1|1|1,3|1|1|1|1|1|1|1|1|1|1|1|1|1|1|0|0,6|0,6|0,6|0|0|0|0|0|0|0|0|0|0|1|1|1|0|1|1|1,3|1|1|1|1|1|1|1|1|1|1|1|1|1|1|0|0,6|0,6|0,6|0|0|0|0|0|0|0|0|0|0|1|1|1|0|1|1|1,3|1|1|1|1|1|1|1|1|1|1|1|1|1|1|0|0,6|0,6|0,6|0|0|0|0|0|0|0|0|0|0|1|1|1|0|1|1|1,3|1|1|1|1|1|1|1|1|1|1|1|1|1|1|0|0,6|0,6|0,6|0|0|0|0|0|0|0|0|0|0|1|1|1|0|1|1|4,3|1|1|1|1|1|1|1|1|1|1|1|1|1|1|0|0,6|0,6|0,6|0|0|0|0|0|0|0|0|0|0|1|1|1|0|1|1|0|1|1|1|1|1|1|1|1|1|1|1|1|1|1|0|0,6|0,6|0,6|0|0|0|0|0|0|0|0|0|0|0|0|0|0|0,2|0|0,2|0|0|0|0|1|1|1|1|1|1|1|1|1|1|0|0,6|0,6|0,6|0|0|0|0|0|0|0|0|0|0|0|0|0|0|0,2|0|0,2|0|0|0|0|1|1|1|1|1|1|1|1|1|1|0|0,6|0,6|0,6|0|0|0|0|0|0|0|0|0|0|0|0|0|0|0,2,1|0,1|0,2,1|0,1|0|0|0|1|1|1|1|1|1|1|1|1|1|0|0,6|0,6|0,6|0|0|0|0|0|0|0|0|0|0|0|0|0|0|0,2|0|0,2|0|0|0|0|1|1|1|1|1|1|1|1|1|1|0|0,6|0,6|0,6|0|0|0|0|0|0|0|0|0|0|0,1|0,1|0,1|0,1|0,2,1|0,1|0,2,1|0,1|0,1|0,1|0,1|1|1|1|1|1|1|1|1|1|1|0|0,6|0,6|0,6|0|0|0|0|0|0|0|0|0|0|0|0|0|0|0,2|0|0,2|0|0|0|0|1|1|1|1|1|1|1|1|1|1|0|0,6|0,6|0,6|0|0|0|0|0|0|0|0|0|0|0|0|0|0|0,2|0|0,2|0|0|0|0|1|1|1|1|1|1|1|1|1|1|0|0,6|0,6|0,6|0|0|0|0|0|0|0|0|0|0|0,1|0,1|0,1|0,1|0,2,1|0,1|0,2,1|0|0|0|0|1|1|1|1|1|1|1|1|1|1|0|0,6|0,6|0,6|0|0|0|0|0|0|0|0|0|0|0|0|0|0|0,2|0|0,2|0|0|0|0|1|1|1|1|1|1|1|1|1|1|0|0,6|0,6|0,6|0|0|0|0|0|0|0|0|0|0|0|0|0|0|0,2|0|0,2|0|0|0|0|1|1|1|1|1|1|1|1|1|1|0|0,6|0,6|0,6|0|0|0|0|0|0|0|0|0|0|1|1|1|1|0|1|1|1|1|0|1|1|1|1|1|1|1|1|1|1|1|0|0,6|0,6|0,6|0|0|0|0|0|0|0|0|0|0|1|1|1|1|0|1|1|1|1|4,3|1|1|1|1|1|1|1|1|1|1|1|0|0,6|0,6|0,6|0|0|0|0|0|0|0|0|0|0|1|1|1|1|0|1|1|1|1|1,3|1|1|1|1|1|1|1|1|1|1|1|0|0,6|0,6|0,6|0|0|0|0|0|0|0|0|0|0|1|1|1|1|0|1|1|1|1|1,3|1|1|1|1|1|1|1|1|1|1|1|0,6|0,6|0,6|0,6|0,6|0,6|0,6|0,6|0,6|0,6|0,6|0,6|0,6|0,6|1|1|1|1|0,6|1|1|1|1|1,3|1|1|1|1|1|1|1|1|1|1|1|0,6|0,6|0,6|0,6|0,6|0,6|0,6|0,6|0,6|0,6|0,6|0,6|0,6|0,6|1|1|1|1|0,6|1|1|1|1|1,3|1|1|1|1|1|1|1|1|1|1|1|0,6|0,6|0,6|0,6|0,6|0,6|0,6|0,6|0,6|0,6|0,6|0,6|0,6|0,6|3,6|0,6|0,6|0,6|0,6|1|1|1|1|1,3|1|1|1|1|1|1|1|1|1|1|1|0|0|0|0|0,6|0,6|0,6|0|0|0|0|0|0|0|1|1|1|1|0|1|1|1|1|1,3|1|1|1|1|1|1|1|1|1|1|1|0|0|0|0|0,6|0,6|0,6|0|0|0|0|0|0|0|1|1|1|1|0|1|1|1|1|1,3|1|1|1|1|1|1|1|1|1|1|1|0,6|0,6|0,6|0,6|0,6|0,6|0,6|0,6|0,6|0,6|0,6|0,6|0,6|0,6|1|1|1|1|0,6|1|1|1|1|4,3,6|1|1|1|1|1|1|1|1|1|1|1|0,6|0,6|0,6|0,6|0,6|0,6|0,6|0,6|0,6|0,6|0,6|0,6|0,6|0,6|1|1|1|1|0,6|1|1|1|1|0,6|1|1|1|1|1|1|1|1|1|1|1|0,6|0,6|0,6|0,6|0,6|0,6|0,6|0,6|0,6|0,6|0,6|0,6|0,6|0,6|1|1|1|1|0,6|1|1|1|1|0,6|1|1|1|1|1|1|1|1|1,4,3|1|1|0,6|0|0|0|0|0|0|0|0|0|0|0|0|0|0|0|0|0|0|0|0|0|0|0|0|1|1|1|1|1|1|1|1,3|1|1|0,6|0|0|0|0|0|0|0|0|0|0|0|0|0|0|0|0|0|0|0|0|0|0|0|0|1|1|1|1|1|1|1|1,3|1|1|0,6|0|0|0|0|0|0|0|0|0|0|0|0|0|0|0|0|0|0|0|0|0|0|0|0|1|1|1|1|1|1|1|1,3|1|1|0,6|0,6|0,6|0,6|0,6|0,6|0,6|0,6|0,6|0,6|0,6|0,6|0,6|0,6|0,6|0,6|0,6|0,6|0,6|0,6|0,6|0,6|0,6|0,6|0,6|1|1|1|1|1|1|1|1,3|1|1|0,6|0,6|0,6|0,6|0,6|0,6|0,6|0,6|0,6|0,6|0,6|0,6|0,6|0,6|0,6|0,6|0,6|0,6|0,6|0,6|0,6|0,6|0,6|0,6|0,6|1|1|1|1|1|1|1|1,3|1|1|
